(kicad_pcb (version 20171130) (host pcbnew "(5.1.9-0-10_14)")

  (general
    (thickness 1.6)
    (drawings 8)
    (tracks 1346)
    (zones 0)
    (modules 161)
    (nets 84)
  )

  (page A4)
  (layers
    (0 F.Cu signal)
    (31 B.Cu signal)
    (32 B.Adhes user)
    (33 F.Adhes user)
    (34 B.Paste user)
    (35 F.Paste user)
    (36 B.SilkS user)
    (37 F.SilkS user)
    (38 B.Mask user)
    (39 F.Mask user)
    (40 Dwgs.User user)
    (41 Cmts.User user)
    (42 Eco1.User user)
    (43 Eco2.User user)
    (44 Edge.Cuts user)
    (45 Margin user)
    (46 B.CrtYd user)
    (47 F.CrtYd user)
    (48 B.Fab user)
    (49 F.Fab user)
  )

  (setup
    (last_trace_width 0.25)
    (user_trace_width 0.25)
    (user_trace_width 0.5)
    (user_trace_width 1)
    (user_trace_width 2)
    (user_trace_width 3)
    (user_trace_width 4)
    (user_trace_width 5)
    (trace_clearance 0.2)
    (zone_clearance 0.508)
    (zone_45_only no)
    (trace_min 0.2)
    (via_size 0.8)
    (via_drill 0.4)
    (via_min_size 0.4)
    (via_min_drill 0.3)
    (uvia_size 0.3)
    (uvia_drill 0.1)
    (uvias_allowed no)
    (uvia_min_size 0.2)
    (uvia_min_drill 0.1)
    (edge_width 0.05)
    (segment_width 0.2)
    (pcb_text_width 0.3)
    (pcb_text_size 1.5 1.5)
    (mod_edge_width 0.12)
    (mod_text_size 1 1)
    (mod_text_width 0.15)
    (pad_size 1.524 1.524)
    (pad_drill 0.762)
    (pad_to_mask_clearance 0.05)
    (aux_axis_origin 0 0)
    (grid_origin 20 20)
    (visible_elements 7FFFFFFF)
    (pcbplotparams
      (layerselection 0x010fc_ffffffff)
      (usegerberextensions false)
      (usegerberattributes true)
      (usegerberadvancedattributes true)
      (creategerberjobfile true)
      (excludeedgelayer true)
      (linewidth 0.100000)
      (plotframeref false)
      (viasonmask false)
      (mode 1)
      (useauxorigin false)
      (hpglpennumber 1)
      (hpglpenspeed 20)
      (hpglpendiameter 15.000000)
      (psnegative false)
      (psa4output false)
      (plotreference true)
      (plotvalue true)
      (plotinvisibletext false)
      (padsonsilk false)
      (subtractmaskfromsilk false)
      (outputformat 1)
      (mirror false)
      (drillshape 1)
      (scaleselection 1)
      (outputdirectory ""))
  )

  (net 0 "")
  (net 1 /Input/VCC2)
  (net 2 GND)
  (net 3 /AU/~AU_1)
  (net 4 /AU/LED_AU)
  (net 5 /AU/AU_CONNECTED)
  (net 6 +12P)
  (net 7 /Input/VCC1)
  (net 8 "Net-(C1-Pad2)")
  (net 9 "Net-(C14-Pad1)")
  (net 10 /Input/TRIG)
  (net 11 /~AU)
  (net 12 "Net-(C19-Pad1)")
  (net 13 VCC)
  (net 14 /Converters/L_SW)
  (net 15 +5P)
  (net 16 +3V3)
  (net 17 +12L)
  (net 18 +5V)
  (net 19 /Input/~BLINK)
  (net 20 /~PH)
  (net 21 /AU/~AU_2)
  (net 22 /~ON_BATT)
  (net 23 /SCL)
  (net 24 /SDA)
  (net 25 /~INT)
  (net 26 /Input/~KILL)
  (net 27 "Net-(JP4-Pad2)")
  (net 28 "Net-(LED-12V1-Pad1)")
  (net 29 "Net-(LED-12V2-Pad1)")
  (net 30 "Net-(LED-3.3V1-Pad1)")
  (net 31 "Net-(LED-5V1-Pad1)")
  (net 32 "Net-(LED-5V2-Pad1)")
  (net 33 "Net-(LED-BAT1-Pad1)")
  (net 34 "Net-(LED-BAT2-Pad1)")
  (net 35 /Input/~PB)
  (net 36 /Input/GREEN)
  (net 37 /Input/RED)
  (net 38 /Input/BLUE)
  (net 39 "Net-(PS1-Pad6)")
  (net 40 "Net-(PS2-Pad4)")
  (net 41 "Net-(PS3-Pad4)")
  (net 42 "Net-(PS4-Pad4)")
  (net 43 "Net-(Q1-Pad3)")
  (net 44 "Net-(Q1-Pad1)")
  (net 45 "Net-(Q2-Pad3)")
  (net 46 "Net-(Q2-Pad1)")
  (net 47 "Net-(Q7-Pad1)")
  (net 48 VPP)
  (net 49 "Net-(C3-Pad2)")
  (net 50 "Net-(C4-Pad1)")
  (net 51 "Net-(C6-Pad2)")
  (net 52 +3.3VA)
  (net 53 "Net-(C11-Pad1)")
  (net 54 "Net-(C16-Pad2)")
  (net 55 "Net-(C20-Pad1)")
  (net 56 "Net-(C27-Pad1)")
  (net 57 "Net-(C28-Pad1)")
  (net 58 "Net-(C29-Pad1)")
  (net 59 "Net-(D3-Pad2)")
  (net 60 "Net-(D7-Pad1)")
  (net 61 "Net-(D12-Pad1)")
  (net 62 "Net-(JP1-Pad1)")
  (net 63 "Net-(JP3-Pad2)")
  (net 64 /Input/G1S)
  (net 65 "Net-(Q4-Pad2)")
  (net 66 "Net-(Q4-Pad1)")
  (net 67 "Net-(Q5-Pad1)")
  (net 68 "Net-(Q5-Pad2)")
  (net 69 "Net-(Q6-Pad3)")
  (net 70 "Net-(Q8-Pad1)")
  (net 71 "Net-(Q10-Pad2)")
  (net 72 "Net-(Q12-Pad3)")
  (net 73 "Net-(R24-Pad1)")
  (net 74 "Net-(U2-Pad1)")
  (net 75 "Net-(C7-Pad2)")
  (net 76 "Net-(AX1-Pad3)")
  (net 77 "Net-(PS5-Pad5)")
  (net 78 "Net-(SW1-Pad3)")
  (net 79 "Net-(U2-Pad14)")
  (net 80 "Net-(U2-Pad9)")
  (net 81 "Net-(U2-Pad8)")
  (net 82 "Net-(U2-Pad6)")
  (net 83 "Net-(U4-Pad4)")

  (net_class Default "Ceci est la Netclass par défaut."
    (clearance 0.2)
    (trace_width 0.25)
    (via_dia 0.8)
    (via_drill 0.4)
    (uvia_dia 0.3)
    (uvia_drill 0.1)
    (add_net +12L)
    (add_net +12P)
    (add_net +3.3VA)
    (add_net +3V3)
    (add_net +5P)
    (add_net +5V)
    (add_net /AU/AU_CONNECTED)
    (add_net /AU/LED_AU)
    (add_net /AU/~AU_1)
    (add_net /AU/~AU_2)
    (add_net /Converters/L_SW)
    (add_net /Input/BLUE)
    (add_net /Input/G1S)
    (add_net /Input/GREEN)
    (add_net /Input/RED)
    (add_net /Input/TRIG)
    (add_net /Input/VCC1)
    (add_net /Input/VCC2)
    (add_net /Input/~BLINK)
    (add_net /Input/~KILL)
    (add_net /Input/~PB)
    (add_net /SCL)
    (add_net /SDA)
    (add_net /~AU)
    (add_net /~INT)
    (add_net /~ON_BATT)
    (add_net /~PH)
    (add_net GND)
    (add_net "Net-(AX1-Pad3)")
    (add_net "Net-(C1-Pad2)")
    (add_net "Net-(C11-Pad1)")
    (add_net "Net-(C14-Pad1)")
    (add_net "Net-(C16-Pad2)")
    (add_net "Net-(C19-Pad1)")
    (add_net "Net-(C20-Pad1)")
    (add_net "Net-(C27-Pad1)")
    (add_net "Net-(C28-Pad1)")
    (add_net "Net-(C29-Pad1)")
    (add_net "Net-(C3-Pad2)")
    (add_net "Net-(C4-Pad1)")
    (add_net "Net-(C6-Pad2)")
    (add_net "Net-(C7-Pad2)")
    (add_net "Net-(D12-Pad1)")
    (add_net "Net-(D3-Pad2)")
    (add_net "Net-(D7-Pad1)")
    (add_net "Net-(JP1-Pad1)")
    (add_net "Net-(JP3-Pad2)")
    (add_net "Net-(JP4-Pad2)")
    (add_net "Net-(LED-12V1-Pad1)")
    (add_net "Net-(LED-12V2-Pad1)")
    (add_net "Net-(LED-3.3V1-Pad1)")
    (add_net "Net-(LED-5V1-Pad1)")
    (add_net "Net-(LED-5V2-Pad1)")
    (add_net "Net-(LED-BAT1-Pad1)")
    (add_net "Net-(LED-BAT2-Pad1)")
    (add_net "Net-(PS1-Pad6)")
    (add_net "Net-(PS2-Pad4)")
    (add_net "Net-(PS3-Pad4)")
    (add_net "Net-(PS4-Pad4)")
    (add_net "Net-(PS5-Pad5)")
    (add_net "Net-(Q1-Pad1)")
    (add_net "Net-(Q1-Pad3)")
    (add_net "Net-(Q10-Pad2)")
    (add_net "Net-(Q12-Pad3)")
    (add_net "Net-(Q2-Pad1)")
    (add_net "Net-(Q2-Pad3)")
    (add_net "Net-(Q4-Pad1)")
    (add_net "Net-(Q4-Pad2)")
    (add_net "Net-(Q5-Pad1)")
    (add_net "Net-(Q5-Pad2)")
    (add_net "Net-(Q6-Pad3)")
    (add_net "Net-(Q7-Pad1)")
    (add_net "Net-(Q8-Pad1)")
    (add_net "Net-(R24-Pad1)")
    (add_net "Net-(SW1-Pad3)")
    (add_net "Net-(U2-Pad1)")
    (add_net "Net-(U2-Pad14)")
    (add_net "Net-(U2-Pad6)")
    (add_net "Net-(U2-Pad8)")
    (add_net "Net-(U2-Pad9)")
    (add_net "Net-(U4-Pad4)")
    (add_net VCC)
    (add_net VPP)
  )

  (module ComponentsEvo:TRACO_CONV_THL (layer F.Cu) (tedit 610F13FC) (tstamp 611997FB)
    (at 76.25 67 90)
    (path /614F2553/6117964E)
    (fp_text reference PS2 (at -9.775 -14.505 90) (layer F.SilkS)
      (effects (font (size 1 1) (thickness 0.15)))
    )
    (fp_text value THL_20-2411WI (at -1.52 14.485 90) (layer F.Fab)
      (effects (font (size 1 1) (thickness 0.15)))
    )
    (fp_circle (center 2.54 13.5) (end 2.64 13.5) (layer F.SilkS) (width 0.2))
    (fp_line (start 12.95 -12.95) (end -12.95 -12.95) (layer F.CrtYd) (width 0.05))
    (fp_line (start 12.95 12.95) (end 12.95 -12.95) (layer F.CrtYd) (width 0.05))
    (fp_line (start -12.95 12.95) (end 12.95 12.95) (layer F.CrtYd) (width 0.05))
    (fp_line (start -12.95 -12.95) (end -12.95 12.95) (layer F.CrtYd) (width 0.05))
    (fp_line (start -12.7 12.7) (end -12.7 -12.7) (layer F.SilkS) (width 0.127))
    (fp_line (start 12.7 12.7) (end -12.7 12.7) (layer F.SilkS) (width 0.127))
    (fp_line (start 12.7 -12.7) (end 12.7 12.7) (layer F.SilkS) (width 0.127))
    (fp_line (start -12.7 -12.7) (end 12.7 -12.7) (layer F.SilkS) (width 0.127))
    (fp_circle (center 2.54 13.5) (end 2.64 13.5) (layer F.Fab) (width 0.2))
    (fp_line (start -12.7 12.7) (end -12.7 -12.7) (layer F.Fab) (width 0.127))
    (fp_line (start 12.7 12.7) (end -12.7 12.7) (layer F.Fab) (width 0.127))
    (fp_line (start 12.7 -12.7) (end 12.7 12.7) (layer F.Fab) (width 0.127))
    (fp_line (start -12.7 -12.7) (end 12.7 -12.7) (layer F.Fab) (width 0.127))
    (pad 6 thru_hole circle (at -10.16 10.15 90) (size 1.875 1.875) (drill 1.25) (layers *.Cu *.Mask)
      (net 55 "Net-(C20-Pad1)"))
    (pad 4 thru_hole circle (at 0 -10.15 90) (size 1.875 1.875) (drill 1.25) (layers *.Cu *.Mask)
      (net 40 "Net-(PS2-Pad4)"))
    (pad 5 thru_hole circle (at -10.16 -10.15 90) (size 1.875 1.875) (drill 1.25) (layers *.Cu *.Mask)
      (net 2 GND))
    (pad 3 thru_hole circle (at 10.16 -10.15 90) (size 1.875 1.875) (drill 1.25) (layers *.Cu *.Mask)
      (net 15 +5P))
    (pad 2 thru_hole circle (at -2.54 10.15 90) (size 1.875 1.875) (drill 1.25) (layers *.Cu *.Mask)
      (net 2 GND))
    (pad 1 thru_hole rect (at 2.54 10.15 90) (size 1.875 1.875) (drill 1.25) (layers *.Cu *.Mask)
      (net 13 VCC))
    (model ${LIBELEC}/3D/Components/THL_25-2412WI.step
      (offset (xyz 0 0 10.25))
      (scale (xyz 1 1 1))
      (rotate (xyz 0 180 0))
    )
  )

  (module ConnectorsEvo:66200621022 (layer F.Cu) (tedit 610BDB3E) (tstamp 61199665)
    (at 25 35.2 270)
    (descr "<b>WR-MPC3<br></b>3.00 mm Male Dual Row Angled Header w. Plastic Pegs, 6 Pins")
    (path /6116906A)
    (fp_text reference J5 (at 9.92 -4.483 90) (layer F.SilkS)
      (effects (font (size 1 1) (thickness 0.15)))
    )
    (fp_text value Conn_01x06_Male (at 12.818 -2.078 90) (layer F.Fab)
      (effects (font (size 1 1) (thickness 0.15)))
    )
    (fp_poly (pts (xy 3.95 -7.9) (xy 3.95 -5.25) (xy 6.65 -5.25) (xy 6.65 5.25)
      (xy -6.65 5.25) (xy -6.65 -5.25) (xy -3.95 -5.25) (xy -3.95 -7.9)) (layer F.CrtYd) (width 0.1))
    (fp_circle (center 4.6 -3.95) (end 4.7 -3.95) (layer F.SilkS) (width 0.2))
    (fp_line (start -6.45 5.05) (end -6.45 -5.05) (layer F.SilkS) (width 0.2))
    (fp_line (start 6.45 5.05) (end -6.45 5.05) (layer F.SilkS) (width 0.2))
    (fp_line (start 6.45 -5.05) (end 6.45 5.05) (layer F.SilkS) (width 0.2))
    (fp_line (start -6.45 -5.05) (end 6.45 -5.05) (layer F.SilkS) (width 0.2))
    (fp_line (start 6.35 -4.95) (end 6.35 4.95) (layer F.Fab) (width 0.1))
    (fp_line (start -6.35 4.95) (end -6.35 -4.95) (layer F.Fab) (width 0.1))
    (fp_line (start 6.35 4.95) (end -6.35 4.95) (layer F.Fab) (width 0.1))
    (fp_line (start -6.35 -4.95) (end 6.35 -4.95) (layer F.Fab) (width 0.1))
    (pad 1 thru_hole circle (at 3 -3.95 270) (size 1.53 1.53) (drill 1.02) (layers *.Cu *.Mask)
      (net 17 +12L))
    (pad 4 thru_hole circle (at 3 -6.95 270) (size 1.53 1.53) (drill 1.02) (layers *.Cu *.Mask)
      (net 2 GND))
    (pad 2 thru_hole circle (at 0 -3.95 270) (size 1.53 1.53) (drill 1.02) (layers *.Cu *.Mask)
      (net 18 +5V))
    (pad 5 thru_hole circle (at 0 -6.95 270) (size 1.53 1.53) (drill 1.02) (layers *.Cu *.Mask)
      (net 2 GND))
    (pad 3 thru_hole circle (at -3 -3.95 270) (size 1.53 1.53) (drill 1.02) (layers *.Cu *.Mask)
      (net 16 +3V3))
    (pad 6 thru_hole circle (at -3 -6.95 270) (size 1.53 1.53) (drill 1.02) (layers *.Cu *.Mask)
      (net 2 GND))
    (pad None np_thru_hole circle (at 0 0.35 270) (size 3 3) (drill 3) (layers *.Cu *.Mask))
    (model "${LIBELEC}/3D/Connectors/66200621022 (rev1).stp"
      (offset (xyz 0 0 3.75))
      (scale (xyz 1 1 1))
      (rotate (xyz 90 0 180))
    )
  )

  (module ConnectorsEvo:22-05-7035 (layer F.Cu) (tedit 61183CE8) (tstamp 6118D254)
    (at 110.25 88)
    (descr "Molex SPOX Connector System, 5268-03A, 3 Pins per row (https://www.molex.com/pdm_docs/sd/022057045_sd.pdf), generated with kicad-footprint-generator")
    (tags "connector Molex SPOX horizontal")
    (path /5F359BA4)
    (fp_text reference AX1 (at 2.5 -2.5) (layer F.SilkS)
      (effects (font (size 1 1) (thickness 0.15)))
    )
    (fp_text value Conn_01x03_Male (at 2.5 7.8) (layer F.Fab)
      (effects (font (size 1 1) (thickness 0.15)))
    )
    (fp_line (start 7.95 -1.8) (end -2.95 -1.8) (layer F.CrtYd) (width 0.05))
    (fp_line (start 7.95 7.1) (end 7.95 -1.8) (layer F.CrtYd) (width 0.05))
    (fp_line (start -2.95 7.1) (end 7.95 7.1) (layer F.CrtYd) (width 0.05))
    (fp_line (start -2.95 -1.8) (end -2.95 7.1) (layer F.CrtYd) (width 0.05))
    (fp_line (start -1.742893 0) (end -2.45 -0.5) (layer F.Fab) (width 0.1))
    (fp_line (start -2.45 0.5) (end -1.742893 0) (layer F.Fab) (width 0.1))
    (fp_line (start -2.86 -1.71) (end -0.45 -1.71) (layer F.SilkS) (width 0.12))
    (fp_line (start -2.86 0.7) (end -2.86 -1.71) (layer F.SilkS) (width 0.12))
    (fp_line (start 7.56 -1.41) (end -2.56 -1.41) (layer F.SilkS) (width 0.12))
    (fp_line (start 7.56 6.71) (end 7.56 -1.41) (layer F.SilkS) (width 0.12))
    (fp_line (start -2.56 6.71) (end 7.56 6.71) (layer F.SilkS) (width 0.12))
    (fp_line (start -2.56 -1.41) (end -2.56 6.71) (layer F.SilkS) (width 0.12))
    (fp_line (start 7.45 -1.3) (end -2.45 -1.3) (layer F.Fab) (width 0.1))
    (fp_line (start 7.45 6.6) (end 7.45 -1.3) (layer F.Fab) (width 0.1))
    (fp_line (start -2.45 6.6) (end 7.45 6.6) (layer F.Fab) (width 0.1))
    (fp_line (start -2.45 -1.3) (end -2.45 6.6) (layer F.Fab) (width 0.1))
    (fp_text user %R (at 2.5 5.9) (layer F.Fab)
      (effects (font (size 1 1) (thickness 0.15)))
    )
    (pad 3 thru_hole oval (at 5 0) (size 1.7 1.85) (drill 0.85) (layers *.Cu *.Mask)
      (net 76 "Net-(AX1-Pad3)"))
    (pad 2 thru_hole oval (at 2.5 0) (size 1.7 1.85) (drill 0.85) (layers *.Cu *.Mask)
      (net 6 +12P))
    (pad 1 thru_hole roundrect (at 0 0) (size 1.7 1.85) (drill 0.85) (layers *.Cu *.Mask) (roundrect_rratio 0.147059)
      (net 2 GND))
    (model ${LIBELEC}/3D/Connectors/22057035.stp
      (offset (xyz 2.5 -3.6 2.5))
      (scale (xyz 1 1 1))
      (rotate (xyz 0 0 -180))
    )
  )

  (module Diode_SMD:D_SMC (layer F.Cu) (tedit 5864295D) (tstamp 6187B005)
    (at 76.25 47.5 90)
    (descr "Diode SMC (DO-214AB)")
    (tags "Diode SMC (DO-214AB)")
    (path /611EFD14/6129B07A)
    (attr smd)
    (fp_text reference D9 (at 0 -4.1 90) (layer F.SilkS)
      (effects (font (size 1 1) (thickness 0.15)))
    )
    (fp_text value D (at 0 4.2 90) (layer F.Fab)
      (effects (font (size 1 1) (thickness 0.15)))
    )
    (fp_line (start -4.8 -3.25) (end 3.6 -3.25) (layer F.SilkS) (width 0.12))
    (fp_line (start -4.8 3.25) (end 3.6 3.25) (layer F.SilkS) (width 0.12))
    (fp_line (start -0.64944 0.00102) (end 0.50118 -0.79908) (layer F.Fab) (width 0.1))
    (fp_line (start -0.64944 0.00102) (end 0.50118 0.75032) (layer F.Fab) (width 0.1))
    (fp_line (start 0.50118 0.75032) (end 0.50118 -0.79908) (layer F.Fab) (width 0.1))
    (fp_line (start -0.64944 -0.79908) (end -0.64944 0.80112) (layer F.Fab) (width 0.1))
    (fp_line (start 0.50118 0.00102) (end 1.4994 0.00102) (layer F.Fab) (width 0.1))
    (fp_line (start -0.64944 0.00102) (end -1.55114 0.00102) (layer F.Fab) (width 0.1))
    (fp_line (start -4.9 3.35) (end -4.9 -3.35) (layer F.CrtYd) (width 0.05))
    (fp_line (start 4.9 3.35) (end -4.9 3.35) (layer F.CrtYd) (width 0.05))
    (fp_line (start 4.9 -3.35) (end 4.9 3.35) (layer F.CrtYd) (width 0.05))
    (fp_line (start -4.9 -3.35) (end 4.9 -3.35) (layer F.CrtYd) (width 0.05))
    (fp_line (start 3.55 -3.1) (end -3.55 -3.1) (layer F.Fab) (width 0.1))
    (fp_line (start 3.55 -3.1) (end 3.55 3.1) (layer F.Fab) (width 0.1))
    (fp_line (start -3.55 3.1) (end -3.55 -3.1) (layer F.Fab) (width 0.1))
    (fp_line (start 3.55 3.1) (end -3.55 3.1) (layer F.Fab) (width 0.1))
    (fp_line (start -4.8 3.25) (end -4.8 -3.25) (layer F.SilkS) (width 0.12))
    (fp_text user %R (at 0 -1.9 90) (layer F.Fab)
      (effects (font (size 1 1) (thickness 0.15)))
    )
    (pad 2 smd rect (at 3.4 0 180) (size 3.3 2.5) (layers F.Cu F.Paste F.Mask)
      (net 48 VPP))
    (pad 1 smd rect (at -3.4 0 180) (size 3.3 2.5) (layers F.Cu F.Paste F.Mask)
      (net 13 VCC))
    (model ${KISYS3DMOD}/Diode_SMD.3dshapes/D_SMC.wrl
      (at (xyz 0 0 0))
      (scale (xyz 1 1 1))
      (rotate (xyz 0 0 0))
    )
  )

  (module ConnectorsEvo:66200221022 (layer F.Cu) (tedit 6185C0A9) (tstamp 61869642)
    (at 25 71.8 270)
    (descr "<b>WR-MPC3<br></b>3.00 mm Male Dual Row Angled Header w. Plastic Pegs,2 Pins")
    (path /5EF0CF05)
    (fp_text reference TESTER1 (at 0 7 90) (layer F.SilkS)
      (effects (font (size 0.8 0.8) (thickness 0.15)))
    )
    (fp_text value Conn_01x02_Male (at 0 9 90) (layer F.Fab)
      (effects (font (size 0.8 0.8) (thickness 0.15)))
    )
    (fp_line (start -3.35 -4.95) (end 3.35 -4.95) (layer F.Fab) (width 0.1))
    (fp_line (start 3.35 4.95) (end -3.35 4.95) (layer F.Fab) (width 0.1))
    (fp_line (start -3.35 4.95) (end -3.35 -4.95) (layer F.Fab) (width 0.1))
    (fp_line (start 3.35 -4.95) (end 3.35 4.95) (layer F.Fab) (width 0.1))
    (fp_line (start -3.45 -5.05) (end 3.45 -5.05) (layer F.SilkS) (width 0.2))
    (fp_line (start 3.45 -5.05) (end 3.45 5.05) (layer F.SilkS) (width 0.2))
    (fp_line (start 3.45 5.05) (end -3.45 5.05) (layer F.SilkS) (width 0.2))
    (fp_line (start -3.45 5.05) (end -3.45 -5.05) (layer F.SilkS) (width 0.2))
    (fp_circle (center 1.6 -3.95) (end 1.7 -3.95) (layer F.SilkS) (width 0.2))
    (fp_poly (pts (xy 0.95 -7.9) (xy 0.95 -5.25) (xy 3.65 -5.25) (xy 3.65 5.25)
      (xy -3.65 5.25) (xy -3.65 -5.25) (xy -0.95 -5.25) (xy -0.95 -7.9)) (layer F.CrtYd) (width 0.1))
    (pad 1 thru_hole circle (at 0 -3.95 270) (size 1.53 1.53) (drill 1.02) (layers *.Cu *.Mask)
      (net 13 VCC))
    (pad 2 thru_hole circle (at 0 -6.95 270) (size 1.53 1.53) (drill 1.02) (layers *.Cu *.Mask)
      (net 2 GND))
    (pad None np_thru_hole circle (at 0 0.35 270) (size 3 3) (drill 3) (layers *.Cu *.Mask))
    (model "${LIBELEC}/3D/Connectors/66200221022 (rev1).stp"
      (offset (xyz 0 0 3.75))
      (scale (xyz 1 1 1))
      (rotate (xyz 90 0 180))
    )
  )

  (module ConnectorsEvo:66200621022 (layer F.Cu) (tedit 610BDB3E) (tstamp 618A0BC7)
    (at 152 91.5)
    (descr "<b>WR-MPC3<br></b>3.00 mm Male Dual Row Angled Header w. Plastic Pegs, 6 Pins")
    (path /611EFD14/611F915A)
    (fp_text reference AU1 (at 9.92 -4.483) (layer F.SilkS)
      (effects (font (size 1 1) (thickness 0.15)))
    )
    (fp_text value Conn_01x06_Male (at 12.818 -2.078) (layer F.Fab)
      (effects (font (size 1 1) (thickness 0.15)))
    )
    (fp_poly (pts (xy 3.95 -7.9) (xy 3.95 -5.25) (xy 6.65 -5.25) (xy 6.65 5.25)
      (xy -6.65 5.25) (xy -6.65 -5.25) (xy -3.95 -5.25) (xy -3.95 -7.9)) (layer F.CrtYd) (width 0.1))
    (fp_circle (center 4.6 -3.95) (end 4.7 -3.95) (layer F.SilkS) (width 0.2))
    (fp_line (start -6.45 5.05) (end -6.45 -5.05) (layer F.SilkS) (width 0.2))
    (fp_line (start 6.45 5.05) (end -6.45 5.05) (layer F.SilkS) (width 0.2))
    (fp_line (start 6.45 -5.05) (end 6.45 5.05) (layer F.SilkS) (width 0.2))
    (fp_line (start -6.45 -5.05) (end 6.45 -5.05) (layer F.SilkS) (width 0.2))
    (fp_line (start 6.35 -4.95) (end 6.35 4.95) (layer F.Fab) (width 0.1))
    (fp_line (start -6.35 4.95) (end -6.35 -4.95) (layer F.Fab) (width 0.1))
    (fp_line (start 6.35 4.95) (end -6.35 4.95) (layer F.Fab) (width 0.1))
    (fp_line (start -6.35 -4.95) (end 6.35 -4.95) (layer F.Fab) (width 0.1))
    (pad 1 thru_hole circle (at 3 -3.95) (size 1.53 1.53) (drill 1.02) (layers *.Cu *.Mask)
      (net 2 GND))
    (pad 4 thru_hole circle (at 3 -6.95) (size 1.53 1.53) (drill 1.02) (layers *.Cu *.Mask)
      (net 2 GND))
    (pad 2 thru_hole circle (at 0 -3.95) (size 1.53 1.53) (drill 1.02) (layers *.Cu *.Mask)
      (net 3 /AU/~AU_1))
    (pad 5 thru_hole circle (at 0 -6.95) (size 1.53 1.53) (drill 1.02) (layers *.Cu *.Mask)
      (net 2 GND))
    (pad 3 thru_hole circle (at -3 -3.95) (size 1.53 1.53) (drill 1.02) (layers *.Cu *.Mask)
      (net 4 /AU/LED_AU))
    (pad 6 thru_hole circle (at -3 -6.95) (size 1.53 1.53) (drill 1.02) (layers *.Cu *.Mask)
      (net 5 /AU/AU_CONNECTED))
    (pad None np_thru_hole circle (at 0 0.35) (size 3 3) (drill 3) (layers *.Cu *.Mask))
    (model "${LIBELEC}/3D/Connectors/66200621022 (rev1).stp"
      (offset (xyz 0 0 3.75))
      (scale (xyz 1 1 1))
      (rotate (xyz 90 0 180))
    )
  )

  (module ConnectorsEvo:691406710002B (layer F.Cu) (tedit 610DB515) (tstamp 6119BAFC)
    (at 186.37 63.18 90)
    (descr "<b>WR-TBL Series 4067B - Screwless Push In 5.0mm pitch - Horizontal cable entry - THT<br><br></b>Series 4067B, Pitch 5mm,THT, 2pins")
    (path /61189FA7/5FFA3F55)
    (fp_text reference BATT1 (at 0 -8.135 90) (layer F.SilkS)
      (effects (font (size 1 1) (thickness 0.15)))
    )
    (fp_text value Conn_01x02_Male (at 5.755 9.365 90) (layer F.Fab)
      (effects (font (size 1 1) (thickness 0.15)))
    )
    (fp_line (start -4.8 -6.63) (end 6.6 -6.63) (layer F.Fab) (width 0.1))
    (fp_line (start 6.6 -6.63) (end 6.6 7.77) (layer F.Fab) (width 0.1))
    (fp_line (start 6.6 7.77) (end -4.8 7.77) (layer F.Fab) (width 0.1))
    (fp_line (start -4.8 7.77) (end -4.8 -6.63) (layer F.Fab) (width 0.1))
    (fp_line (start -4.9 -6.73) (end 6.7 -6.73) (layer F.SilkS) (width 0.2))
    (fp_line (start 6.7 -6.73) (end 6.7 7.87) (layer F.SilkS) (width 0.2))
    (fp_line (start 6.7 7.87) (end -4.9 7.87) (layer F.SilkS) (width 0.2))
    (fp_line (start -4.9 7.87) (end -4.9 -6.73) (layer F.SilkS) (width 0.2))
    (fp_poly (pts (xy 6.9 8.07) (xy -5.1 8.07) (xy -5.1 -6.93) (xy 6.9 -6.93)) (layer F.CrtYd) (width 0.1))
    (fp_circle (center -3.7 -5.2) (end -3.5 -5.2) (layer F.SilkS) (width 0.4))
    (fp_text user 1 (at -2.8 0.6 270) (layer F.SilkS)
      (effects (font (size 1 1) (thickness 0.15)))
    )
    (pad 2 thru_hole circle (at 2.5 -4.1 90) (size 1.65 1.65) (drill 1.1) (layers *.Cu *.Mask)
      (net 2 GND))
    (pad 2 thru_hole circle (at 2.5 4.1 90) (size 1.65 1.65) (drill 1.1) (layers *.Cu *.Mask)
      (net 2 GND))
    (pad 1 thru_hole circle (at -2.5 4.1 90) (size 1.65 1.65) (drill 1.1) (layers *.Cu *.Mask)
      (net 7 /Input/VCC1))
    (pad 1 thru_hole circle (at -2.5 -4.1 90) (size 1.65 1.65) (drill 1.1) (layers *.Cu *.Mask)
      (net 7 /Input/VCC1))
    (model "${LIBELEC}/3D/Connectors/691406710002B (rev1).stp"
      (offset (xyz 0.25 6.5 0))
      (scale (xyz 1 1 1))
      (rotate (xyz 0 0 90))
    )
  )

  (module Capacitor_SMD:C_0603_1608Metric (layer B.Cu) (tedit 5F68FEEE) (tstamp 61198796)
    (at 172.375 60.8)
    (descr "Capacitor SMD 0603 (1608 Metric), square (rectangular) end terminal, IPC_7351 nominal, (Body size source: IPC-SM-782 page 76, https://www.pcb-3d.com/wordpress/wp-content/uploads/ipc-sm-782a_amendment_1_and_2.pdf), generated with kicad-footprint-generator")
    (tags capacitor)
    (path /61189FA7/60083773)
    (attr smd)
    (fp_text reference C3 (at 0 1.43 180) (layer B.SilkS)
      (effects (font (size 1 1) (thickness 0.15)) (justify mirror))
    )
    (fp_text value 560nF (at 0 -1.43 180) (layer B.Fab)
      (effects (font (size 1 1) (thickness 0.15)) (justify mirror))
    )
    (fp_line (start 1.48 -0.73) (end -1.48 -0.73) (layer B.CrtYd) (width 0.05))
    (fp_line (start 1.48 0.73) (end 1.48 -0.73) (layer B.CrtYd) (width 0.05))
    (fp_line (start -1.48 0.73) (end 1.48 0.73) (layer B.CrtYd) (width 0.05))
    (fp_line (start -1.48 -0.73) (end -1.48 0.73) (layer B.CrtYd) (width 0.05))
    (fp_line (start -0.14058 -0.51) (end 0.14058 -0.51) (layer B.SilkS) (width 0.12))
    (fp_line (start -0.14058 0.51) (end 0.14058 0.51) (layer B.SilkS) (width 0.12))
    (fp_line (start 0.8 -0.4) (end -0.8 -0.4) (layer B.Fab) (width 0.1))
    (fp_line (start 0.8 0.4) (end 0.8 -0.4) (layer B.Fab) (width 0.1))
    (fp_line (start -0.8 0.4) (end 0.8 0.4) (layer B.Fab) (width 0.1))
    (fp_line (start -0.8 -0.4) (end -0.8 0.4) (layer B.Fab) (width 0.1))
    (fp_text user %R (at 0 0 180) (layer B.Fab)
      (effects (font (size 0.4 0.4) (thickness 0.06)) (justify mirror))
    )
    (pad 2 smd roundrect (at 0.775 0) (size 0.9 0.95) (layers B.Cu B.Paste B.Mask) (roundrect_rratio 0.25)
      (net 49 "Net-(C3-Pad2)"))
    (pad 1 smd roundrect (at -0.775 0) (size 0.9 0.95) (layers B.Cu B.Paste B.Mask) (roundrect_rratio 0.25)
      (net 2 GND))
    (model ${KISYS3DMOD}/Capacitor_SMD.3dshapes/C_0603_1608Metric.wrl
      (at (xyz 0 0 0))
      (scale (xyz 1 1 1))
      (rotate (xyz 0 0 0))
    )
  )

  (module Capacitor_SMD:C_0603_1608Metric (layer F.Cu) (tedit 5F68FEEE) (tstamp 611987FC)
    (at 157 26.275 270)
    (descr "Capacitor SMD 0603 (1608 Metric), square (rectangular) end terminal, IPC_7351 nominal, (Body size source: IPC-SM-782 page 76, https://www.pcb-3d.com/wordpress/wp-content/uploads/ipc-sm-782a_amendment_1_and_2.pdf), generated with kicad-footprint-generator")
    (tags capacitor)
    (path /61189FA7/604C0277)
    (attr smd)
    (fp_text reference C5 (at 0 -1.43 90) (layer F.SilkS)
      (effects (font (size 1 1) (thickness 0.15)))
    )
    (fp_text value 1uF (at 0 1.43 90) (layer F.Fab)
      (effects (font (size 1 1) (thickness 0.15)))
    )
    (fp_line (start 1.48 0.73) (end -1.48 0.73) (layer F.CrtYd) (width 0.05))
    (fp_line (start 1.48 -0.73) (end 1.48 0.73) (layer F.CrtYd) (width 0.05))
    (fp_line (start -1.48 -0.73) (end 1.48 -0.73) (layer F.CrtYd) (width 0.05))
    (fp_line (start -1.48 0.73) (end -1.48 -0.73) (layer F.CrtYd) (width 0.05))
    (fp_line (start -0.14058 0.51) (end 0.14058 0.51) (layer F.SilkS) (width 0.12))
    (fp_line (start -0.14058 -0.51) (end 0.14058 -0.51) (layer F.SilkS) (width 0.12))
    (fp_line (start 0.8 0.4) (end -0.8 0.4) (layer F.Fab) (width 0.1))
    (fp_line (start 0.8 -0.4) (end 0.8 0.4) (layer F.Fab) (width 0.1))
    (fp_line (start -0.8 -0.4) (end 0.8 -0.4) (layer F.Fab) (width 0.1))
    (fp_line (start -0.8 0.4) (end -0.8 -0.4) (layer F.Fab) (width 0.1))
    (fp_text user %R (at 0 0 90) (layer F.Fab)
      (effects (font (size 0.4 0.4) (thickness 0.06)))
    )
    (pad 2 smd roundrect (at 0.775 0 270) (size 0.9 0.95) (layers F.Cu F.Paste F.Mask) (roundrect_rratio 0.25)
      (net 2 GND))
    (pad 1 smd roundrect (at -0.775 0 270) (size 0.9 0.95) (layers F.Cu F.Paste F.Mask) (roundrect_rratio 0.25)
      (net 13 VCC))
    (model ${KISYS3DMOD}/Capacitor_SMD.3dshapes/C_0603_1608Metric.wrl
      (at (xyz 0 0 0))
      (scale (xyz 1 1 1))
      (rotate (xyz 0 0 0))
    )
  )

  (module Capacitor_SMD:C_0603_1608Metric (layer F.Cu) (tedit 5F68FEEE) (tstamp 6119880D)
    (at 164.625 78.3)
    (descr "Capacitor SMD 0603 (1608 Metric), square (rectangular) end terminal, IPC_7351 nominal, (Body size source: IPC-SM-782 page 76, https://www.pcb-3d.com/wordpress/wp-content/uploads/ipc-sm-782a_amendment_1_and_2.pdf), generated with kicad-footprint-generator")
    (tags capacitor)
    (path /61189FA7/603652EB)
    (attr smd)
    (fp_text reference C6 (at 0 -1.43) (layer F.SilkS)
      (effects (font (size 1 1) (thickness 0.15)))
    )
    (fp_text value 100nF (at 0 1.43) (layer F.Fab)
      (effects (font (size 1 1) (thickness 0.15)))
    )
    (fp_line (start 1.48 0.73) (end -1.48 0.73) (layer F.CrtYd) (width 0.05))
    (fp_line (start 1.48 -0.73) (end 1.48 0.73) (layer F.CrtYd) (width 0.05))
    (fp_line (start -1.48 -0.73) (end 1.48 -0.73) (layer F.CrtYd) (width 0.05))
    (fp_line (start -1.48 0.73) (end -1.48 -0.73) (layer F.CrtYd) (width 0.05))
    (fp_line (start -0.14058 0.51) (end 0.14058 0.51) (layer F.SilkS) (width 0.12))
    (fp_line (start -0.14058 -0.51) (end 0.14058 -0.51) (layer F.SilkS) (width 0.12))
    (fp_line (start 0.8 0.4) (end -0.8 0.4) (layer F.Fab) (width 0.1))
    (fp_line (start 0.8 -0.4) (end 0.8 0.4) (layer F.Fab) (width 0.1))
    (fp_line (start -0.8 -0.4) (end 0.8 -0.4) (layer F.Fab) (width 0.1))
    (fp_line (start -0.8 0.4) (end -0.8 -0.4) (layer F.Fab) (width 0.1))
    (fp_text user %R (at 0 0) (layer F.Fab)
      (effects (font (size 0.4 0.4) (thickness 0.06)))
    )
    (pad 2 smd roundrect (at 0.775 0) (size 0.9 0.95) (layers F.Cu F.Paste F.Mask) (roundrect_rratio 0.25)
      (net 51 "Net-(C6-Pad2)"))
    (pad 1 smd roundrect (at -0.775 0) (size 0.9 0.95) (layers F.Cu F.Paste F.Mask) (roundrect_rratio 0.25)
      (net 2 GND))
    (model ${KISYS3DMOD}/Capacitor_SMD.3dshapes/C_0603_1608Metric.wrl
      (at (xyz 0 0 0))
      (scale (xyz 1 1 1))
      (rotate (xyz 0 0 0))
    )
  )

  (module Capacitor_SMD:C_0603_1608Metric (layer B.Cu) (tedit 5F68FEEE) (tstamp 6119881E)
    (at 166.125 71.3)
    (descr "Capacitor SMD 0603 (1608 Metric), square (rectangular) end terminal, IPC_7351 nominal, (Body size source: IPC-SM-782 page 76, https://www.pcb-3d.com/wordpress/wp-content/uploads/ipc-sm-782a_amendment_1_and_2.pdf), generated with kicad-footprint-generator")
    (tags capacitor)
    (path /61189FA7/602E4FDB)
    (attr smd)
    (fp_text reference C7 (at 0 1.43) (layer B.SilkS)
      (effects (font (size 1 1) (thickness 0.15)) (justify mirror))
    )
    (fp_text value 780nF (at 0 -1.43) (layer B.Fab)
      (effects (font (size 1 1) (thickness 0.15)) (justify mirror))
    )
    (fp_line (start 1.48 -0.73) (end -1.48 -0.73) (layer B.CrtYd) (width 0.05))
    (fp_line (start 1.48 0.73) (end 1.48 -0.73) (layer B.CrtYd) (width 0.05))
    (fp_line (start -1.48 0.73) (end 1.48 0.73) (layer B.CrtYd) (width 0.05))
    (fp_line (start -1.48 -0.73) (end -1.48 0.73) (layer B.CrtYd) (width 0.05))
    (fp_line (start -0.14058 -0.51) (end 0.14058 -0.51) (layer B.SilkS) (width 0.12))
    (fp_line (start -0.14058 0.51) (end 0.14058 0.51) (layer B.SilkS) (width 0.12))
    (fp_line (start 0.8 -0.4) (end -0.8 -0.4) (layer B.Fab) (width 0.1))
    (fp_line (start 0.8 0.4) (end 0.8 -0.4) (layer B.Fab) (width 0.1))
    (fp_line (start -0.8 0.4) (end 0.8 0.4) (layer B.Fab) (width 0.1))
    (fp_line (start -0.8 -0.4) (end -0.8 0.4) (layer B.Fab) (width 0.1))
    (fp_text user %R (at 0 0) (layer B.Fab)
      (effects (font (size 0.4 0.4) (thickness 0.06)) (justify mirror))
    )
    (pad 2 smd roundrect (at 0.775 0) (size 0.9 0.95) (layers B.Cu B.Paste B.Mask) (roundrect_rratio 0.25)
      (net 75 "Net-(C7-Pad2)"))
    (pad 1 smd roundrect (at -0.775 0) (size 0.9 0.95) (layers B.Cu B.Paste B.Mask) (roundrect_rratio 0.25)
      (net 2 GND))
    (model ${KISYS3DMOD}/Capacitor_SMD.3dshapes/C_0603_1608Metric.wrl
      (at (xyz 0 0 0))
      (scale (xyz 1 1 1))
      (rotate (xyz 0 0 0))
    )
  )

  (module Capacitor_SMD:C_0603_1608Metric (layer B.Cu) (tedit 5F68FEEE) (tstamp 6119882F)
    (at 168.6 75.925 270)
    (descr "Capacitor SMD 0603 (1608 Metric), square (rectangular) end terminal, IPC_7351 nominal, (Body size source: IPC-SM-782 page 76, https://www.pcb-3d.com/wordpress/wp-content/uploads/ipc-sm-782a_amendment_1_and_2.pdf), generated with kicad-footprint-generator")
    (tags capacitor)
    (path /61189FA7/602AB150)
    (attr smd)
    (fp_text reference C8 (at 0 1.43 270) (layer B.SilkS)
      (effects (font (size 1 1) (thickness 0.15)) (justify mirror))
    )
    (fp_text value 100nF (at 0 -1.43 270) (layer B.Fab)
      (effects (font (size 1 1) (thickness 0.15)) (justify mirror))
    )
    (fp_line (start 1.48 -0.73) (end -1.48 -0.73) (layer B.CrtYd) (width 0.05))
    (fp_line (start 1.48 0.73) (end 1.48 -0.73) (layer B.CrtYd) (width 0.05))
    (fp_line (start -1.48 0.73) (end 1.48 0.73) (layer B.CrtYd) (width 0.05))
    (fp_line (start -1.48 -0.73) (end -1.48 0.73) (layer B.CrtYd) (width 0.05))
    (fp_line (start -0.14058 -0.51) (end 0.14058 -0.51) (layer B.SilkS) (width 0.12))
    (fp_line (start -0.14058 0.51) (end 0.14058 0.51) (layer B.SilkS) (width 0.12))
    (fp_line (start 0.8 -0.4) (end -0.8 -0.4) (layer B.Fab) (width 0.1))
    (fp_line (start 0.8 0.4) (end 0.8 -0.4) (layer B.Fab) (width 0.1))
    (fp_line (start -0.8 0.4) (end 0.8 0.4) (layer B.Fab) (width 0.1))
    (fp_line (start -0.8 -0.4) (end -0.8 0.4) (layer B.Fab) (width 0.1))
    (fp_text user %R (at 0 0 270) (layer B.Fab)
      (effects (font (size 0.4 0.4) (thickness 0.06)) (justify mirror))
    )
    (pad 2 smd roundrect (at 0.775 0 270) (size 0.9 0.95) (layers B.Cu B.Paste B.Mask) (roundrect_rratio 0.25)
      (net 2 GND))
    (pad 1 smd roundrect (at -0.775 0 270) (size 0.9 0.95) (layers B.Cu B.Paste B.Mask) (roundrect_rratio 0.25)
      (net 52 +3.3VA))
    (model ${KISYS3DMOD}/Capacitor_SMD.3dshapes/C_0603_1608Metric.wrl
      (at (xyz 0 0 0))
      (scale (xyz 1 1 1))
      (rotate (xyz 0 0 0))
    )
  )

  (module Capacitor_SMD:C_0603_1608Metric (layer B.Cu) (tedit 5F68FEEE) (tstamp 61198840)
    (at 159.925 54)
    (descr "Capacitor SMD 0603 (1608 Metric), square (rectangular) end terminal, IPC_7351 nominal, (Body size source: IPC-SM-782 page 76, https://www.pcb-3d.com/wordpress/wp-content/uploads/ipc-sm-782a_amendment_1_and_2.pdf), generated with kicad-footprint-generator")
    (tags capacitor)
    (path /61189FA7/6066864F)
    (attr smd)
    (fp_text reference C9 (at 0 1.43) (layer B.SilkS)
      (effects (font (size 1 1) (thickness 0.15)) (justify mirror))
    )
    (fp_text value 100nF (at 0 -1.43) (layer B.Fab)
      (effects (font (size 1 1) (thickness 0.15)) (justify mirror))
    )
    (fp_line (start 1.48 -0.73) (end -1.48 -0.73) (layer B.CrtYd) (width 0.05))
    (fp_line (start 1.48 0.73) (end 1.48 -0.73) (layer B.CrtYd) (width 0.05))
    (fp_line (start -1.48 0.73) (end 1.48 0.73) (layer B.CrtYd) (width 0.05))
    (fp_line (start -1.48 -0.73) (end -1.48 0.73) (layer B.CrtYd) (width 0.05))
    (fp_line (start -0.14058 -0.51) (end 0.14058 -0.51) (layer B.SilkS) (width 0.12))
    (fp_line (start -0.14058 0.51) (end 0.14058 0.51) (layer B.SilkS) (width 0.12))
    (fp_line (start 0.8 -0.4) (end -0.8 -0.4) (layer B.Fab) (width 0.1))
    (fp_line (start 0.8 0.4) (end 0.8 -0.4) (layer B.Fab) (width 0.1))
    (fp_line (start -0.8 0.4) (end 0.8 0.4) (layer B.Fab) (width 0.1))
    (fp_line (start -0.8 -0.4) (end -0.8 0.4) (layer B.Fab) (width 0.1))
    (fp_text user %R (at 0 0) (layer B.Fab)
      (effects (font (size 0.4 0.4) (thickness 0.06)) (justify mirror))
    )
    (pad 2 smd roundrect (at 0.775 0) (size 0.9 0.95) (layers B.Cu B.Paste B.Mask) (roundrect_rratio 0.25)
      (net 2 GND))
    (pad 1 smd roundrect (at -0.775 0) (size 0.9 0.95) (layers B.Cu B.Paste B.Mask) (roundrect_rratio 0.25)
      (net 52 +3.3VA))
    (model ${KISYS3DMOD}/Capacitor_SMD.3dshapes/C_0603_1608Metric.wrl
      (at (xyz 0 0 0))
      (scale (xyz 1 1 1))
      (rotate (xyz 0 0 0))
    )
  )

  (module Capacitor_SMD:C_0603_1608Metric (layer F.Cu) (tedit 5F68FEEE) (tstamp 61198851)
    (at 162.9 71.1 180)
    (descr "Capacitor SMD 0603 (1608 Metric), square (rectangular) end terminal, IPC_7351 nominal, (Body size source: IPC-SM-782 page 76, https://www.pcb-3d.com/wordpress/wp-content/uploads/ipc-sm-782a_amendment_1_and_2.pdf), generated with kicad-footprint-generator")
    (tags capacitor)
    (path /61189FA7/60326740)
    (attr smd)
    (fp_text reference C10 (at 0 -1.43) (layer F.SilkS)
      (effects (font (size 1 1) (thickness 0.15)))
    )
    (fp_text value 100nF (at 0 1.43) (layer F.Fab)
      (effects (font (size 1 1) (thickness 0.15)))
    )
    (fp_line (start 1.48 0.73) (end -1.48 0.73) (layer F.CrtYd) (width 0.05))
    (fp_line (start 1.48 -0.73) (end 1.48 0.73) (layer F.CrtYd) (width 0.05))
    (fp_line (start -1.48 -0.73) (end 1.48 -0.73) (layer F.CrtYd) (width 0.05))
    (fp_line (start -1.48 0.73) (end -1.48 -0.73) (layer F.CrtYd) (width 0.05))
    (fp_line (start -0.14058 0.51) (end 0.14058 0.51) (layer F.SilkS) (width 0.12))
    (fp_line (start -0.14058 -0.51) (end 0.14058 -0.51) (layer F.SilkS) (width 0.12))
    (fp_line (start 0.8 0.4) (end -0.8 0.4) (layer F.Fab) (width 0.1))
    (fp_line (start 0.8 -0.4) (end 0.8 0.4) (layer F.Fab) (width 0.1))
    (fp_line (start -0.8 -0.4) (end 0.8 -0.4) (layer F.Fab) (width 0.1))
    (fp_line (start -0.8 0.4) (end -0.8 -0.4) (layer F.Fab) (width 0.1))
    (fp_text user %R (at 0 0) (layer F.Fab)
      (effects (font (size 0.4 0.4) (thickness 0.06)))
    )
    (pad 2 smd roundrect (at 0.775 0 180) (size 0.9 0.95) (layers F.Cu F.Paste F.Mask) (roundrect_rratio 0.25)
      (net 2 GND))
    (pad 1 smd roundrect (at -0.775 0 180) (size 0.9 0.95) (layers F.Cu F.Paste F.Mask) (roundrect_rratio 0.25)
      (net 52 +3.3VA))
    (model ${KISYS3DMOD}/Capacitor_SMD.3dshapes/C_0603_1608Metric.wrl
      (at (xyz 0 0 0))
      (scale (xyz 1 1 1))
      (rotate (xyz 0 0 0))
    )
  )

  (module Capacitor_SMD:C_0603_1608Metric (layer F.Cu) (tedit 5F68FEEE) (tstamp 61198862)
    (at 162.5 25.475 270)
    (descr "Capacitor SMD 0603 (1608 Metric), square (rectangular) end terminal, IPC_7351 nominal, (Body size source: IPC-SM-782 page 76, https://www.pcb-3d.com/wordpress/wp-content/uploads/ipc-sm-782a_amendment_1_and_2.pdf), generated with kicad-footprint-generator")
    (tags capacitor)
    (path /61189FA7/604AA863)
    (attr smd)
    (fp_text reference C11 (at 0 -1.43 90) (layer F.SilkS)
      (effects (font (size 1 1) (thickness 0.15)))
    )
    (fp_text value 1uF (at 0 1.43 90) (layer F.Fab)
      (effects (font (size 1 1) (thickness 0.15)))
    )
    (fp_line (start 1.48 0.73) (end -1.48 0.73) (layer F.CrtYd) (width 0.05))
    (fp_line (start 1.48 -0.73) (end 1.48 0.73) (layer F.CrtYd) (width 0.05))
    (fp_line (start -1.48 -0.73) (end 1.48 -0.73) (layer F.CrtYd) (width 0.05))
    (fp_line (start -1.48 0.73) (end -1.48 -0.73) (layer F.CrtYd) (width 0.05))
    (fp_line (start -0.14058 0.51) (end 0.14058 0.51) (layer F.SilkS) (width 0.12))
    (fp_line (start -0.14058 -0.51) (end 0.14058 -0.51) (layer F.SilkS) (width 0.12))
    (fp_line (start 0.8 0.4) (end -0.8 0.4) (layer F.Fab) (width 0.1))
    (fp_line (start 0.8 -0.4) (end 0.8 0.4) (layer F.Fab) (width 0.1))
    (fp_line (start -0.8 -0.4) (end 0.8 -0.4) (layer F.Fab) (width 0.1))
    (fp_line (start -0.8 0.4) (end -0.8 -0.4) (layer F.Fab) (width 0.1))
    (fp_text user %R (at 0 0 90) (layer F.Fab)
      (effects (font (size 0.4 0.4) (thickness 0.06)))
    )
    (pad 2 smd roundrect (at 0.775 0 270) (size 0.9 0.95) (layers F.Cu F.Paste F.Mask) (roundrect_rratio 0.25)
      (net 2 GND))
    (pad 1 smd roundrect (at -0.775 0 270) (size 0.9 0.95) (layers F.Cu F.Paste F.Mask) (roundrect_rratio 0.25)
      (net 53 "Net-(C11-Pad1)"))
    (model ${KISYS3DMOD}/Capacitor_SMD.3dshapes/C_0603_1608Metric.wrl
      (at (xyz 0 0 0))
      (scale (xyz 1 1 1))
      (rotate (xyz 0 0 0))
    )
  )

  (module Capacitor_SMD:C_0603_1608Metric (layer F.Cu) (tedit 5F68FEEE) (tstamp 61198873)
    (at 158.3 73.325 270)
    (descr "Capacitor SMD 0603 (1608 Metric), square (rectangular) end terminal, IPC_7351 nominal, (Body size source: IPC-SM-782 page 76, https://www.pcb-3d.com/wordpress/wp-content/uploads/ipc-sm-782a_amendment_1_and_2.pdf), generated with kicad-footprint-generator")
    (tags capacitor)
    (path /61189FA7/6034731E)
    (attr smd)
    (fp_text reference C12 (at 0 -1.43 90) (layer F.SilkS)
      (effects (font (size 1 1) (thickness 0.15)))
    )
    (fp_text value 4.7uF (at 0 1.43 90) (layer F.Fab)
      (effects (font (size 1 1) (thickness 0.15)))
    )
    (fp_line (start 1.48 0.73) (end -1.48 0.73) (layer F.CrtYd) (width 0.05))
    (fp_line (start 1.48 -0.73) (end 1.48 0.73) (layer F.CrtYd) (width 0.05))
    (fp_line (start -1.48 -0.73) (end 1.48 -0.73) (layer F.CrtYd) (width 0.05))
    (fp_line (start -1.48 0.73) (end -1.48 -0.73) (layer F.CrtYd) (width 0.05))
    (fp_line (start -0.14058 0.51) (end 0.14058 0.51) (layer F.SilkS) (width 0.12))
    (fp_line (start -0.14058 -0.51) (end 0.14058 -0.51) (layer F.SilkS) (width 0.12))
    (fp_line (start 0.8 0.4) (end -0.8 0.4) (layer F.Fab) (width 0.1))
    (fp_line (start 0.8 -0.4) (end 0.8 0.4) (layer F.Fab) (width 0.1))
    (fp_line (start -0.8 -0.4) (end 0.8 -0.4) (layer F.Fab) (width 0.1))
    (fp_line (start -0.8 0.4) (end -0.8 -0.4) (layer F.Fab) (width 0.1))
    (fp_text user %R (at 0 0 90) (layer F.Fab)
      (effects (font (size 0.4 0.4) (thickness 0.06)))
    )
